Id,SalePrice
2658,140894.88125144114
2718,161584.8458852516
2414,214235.38546419752
1989,112512.408423644
625,181967.4482201639
333,83438.90736554147
1327,106456.36201307675
858,144607.43061425322
95,179814.63999468833
1568,167454.64629651088
2482,147995.91472722113
1364,122385.55896614617
2584,151826.00617313496
818,273117.0907001158
2673,159279.46331391635
2089,113989.88903307427
1297,157710.5420570713
790,115084.30975368145
2616,191966.19112772544
720,188385.17359483027
222,142864.1862095223
557,127837.73946003997
1148,186886.6944289975
2766,181055.6672551188
534,182337.4661431717
1452,112633.87166382688
630,127985.37215169828
2648,136772.36866432312
125,164097.44171354896
1904,42189.24075592376
1670,105554.11857823563
756,98929.628651087
717,231792.23512779825
1032,153769.07305887324
852,215152.5902841365
1731,193057.2096107093
2639,128779.16228089808
2071,82290.65021708803
1267,108335.64242807415
1851,186773.84506795107
567,163891.3253268242
2439,204262.19625034195
1898,150971.2993626782
647,166258.79299290123
2256,202905.49316648114
979,89407.25616366009
1444,218673.67041725805
2485,119180.18030683183
157,127927.25198291655
88,119881.2834304476
2003,109177.39873413791
186,204687.3049640854
1425,237209.57927181822
2695,123555.64257404453
738,105145.84511371466
395,153315.19233894476
1353,173271.2401073384
1878,134934.8460020812
390,162323.41423829907
1456,229983.8815520952
1103,313986.2254230947
1387,135062.5149492438
2070,148558.4280390676
1199,177428.27891418594
2479,172697.52695603677
501,308204.97240753565
2362,81804.3505121233
1718,200045.89635500513
2188,63017.90105517958
1483,151767.8247384859
2557,81392.11769813648
437,367097.86734002427
2224,218196.6502746671
1628,168924.3261772691
397,133660.16050980522
587,204404.7521496798
2182,605770.7850739185
971,139941.23742782976
2611,140903.50644822506
1887,88774.70078399935
2399,381139.79141466203
2148,196472.1584522829
304,135685.8635965159
1997,126911.38129865634
2817,106653.17191824045
1431,205595.96199755956
427,371974.54255027033
263,121087.11922219835
598,179526.01448525515
2895,232328.32391007183
687,144744.0267620957
1822,127399.13627436319
2191,102704.77804961194
179,132574.17301360122
1009,211135.8807881073
2010,123720.3788274505
1991,144958.35179653094
1411,192381.82130305393
1721,221119.68796099967
1144,191947.1422739234
593,210443.1999927522
575,333066.6820087518
1249,179399.17961010057
1604,120846.76330771491
1064,474973.6357222799
1923,155659.65422328011
1988,100555.06196230314
2325,168979.83147531183
114,208265.1237393999
2700,177361.0791930427
217,134010.15501109802
343,182223.42592840636
386,218677.2672438588
2005,107463.31987350891
2908,140913.18679849803
1814,242294.79487724934
2446,482101.91223143565
208,131101.12712637347
1679,104735.34188294527
822,357325.9212560933
6,193403.02144623344
1781,399527.69106768974
2397,303005.9061401825
2340,306592.74718906777
1618,177141.95938620277
2843,149642.16092584573
1061,357348.14724722016
2786,118533.0803052236
1935,130527.89592863366
1341,113192.80643013865
521,255277.9163311868
2136,131467.44012094202
996,207382.77931371675
227,148420.65555347354
135,183288.72125033327
1167,170991.63054172212
294,229156.15884863923
1776,201767.68139020298
540,173707.15023715762
1717,209105.7534386331
2303,125379.96513604725
116,181470.18543445357
127,129502.45575693322
1371,135070.2388853814
1014,178314.71014302442
1507,86584.10698283564
702,124526.35167064518
750,156605.1739115335
261,156833.60143241877
1559,55979.89774678377
577,219205.2030404468
2812,197360.23994757165
2080,160584.55480148975
1368,109220.63619268421
2376,113781.28112349258
659,108281.99318464866
1235,132244.504271877
332,64033.127098791156
1917,138898.6719937271
2094,254114.59850569136
1460,264385.0917526047
1471,221245.56858640772
1509,123271.3912693864
1922,131398.67785771604
433,465717.9911541906
460,290802.47486589337
1116,236056.68081957218
1137,174554.64432268887
53,153187.1175342605
2354,263962.9930175446
1475,198433.26053708457
1761,500755.60400663165
842,142876.39268176936
2739,185276.60943149758
2509,149428.60129011906
1007,199411.22547302375
2610,185512.8624854536
1952,97705.74842665851
2719,165276.6882567022
2921,78302.8077230003
1966,146695.07485807856
292,117109.25657095281
1204,192927.6487797545
1829,253468.12933292537
2419,190660.5456539118
391,147910.40301993565
798,114016.17134422215
481,193188.5895569843
193,195405.14961270808
555,115178.74113315223
899,50819.018116406456
2357,188717.24278453403
328,130898.63243691684
1356,119392.48205280784
1154,97653.45774285281
1730,180638.8965268878
2249,159570.05359954463
1119,267968.37496505346
2856,140550.62283321714
1394,133569.54914819016
2587,112990.12217972615
61,341768.42123742634
2661,182346.39626181842
2711,127966.85432120523
1147,181027.82808875665
757,129607.26073091013
2623,90078.37371133215
2378,133478.46283396875
1413,145731.33063862717
1722,208261.90865994277
1112,221242.37514293252
1623,195037.30797890123
1201,199462.7661289606
1513,111493.79359036405
957,537081.4925860929
1171,254219.71550092247
1145,193135.67973753656
2726,234164.40175603723
703,151286.6184636439
760,79439.44714052312
1964,145576.79846400826
2512,175435.44107130708
159,134361.64173815274
1281,170814.00783046373
468,181496.0244740541
290,125294.3394491131
665,103941.93308564654
1463,248021.94015537223
1792,213077.06606459827
923,163668.7587145582
500,283923.04773539957
1408,194397.16520906243
331,61107.16438599897
170,119791.39234158899
2192,88331.98373568038
2571,300944.50240678154
2314,178845.72863680366
2647,85806.95288871182
422,427547.92704830185
2457,374300.9092506355
1838,203029.87434714768
2805,257965.91056293235
1645,150799.17109047342
1711,295146.9017309791
2825,253018.24516232713
322,351045.11558192264
2103,255100.77494893828
342,125333.89889606163
600,116021.3974489058
488,181830.1972212081
1725,330828.4621106839
2246,281223.4030302296
2847,156801.23336257192
806,230486.5418422115
530,226346.76207516185
963,186553.7843217728
2678,90140.46005342122
171,77978.38267281906
2401,448891.031375065
805,217592.10298388384
2259,243423.80101560432
1748,178016.4442088525
1361,141373.28591622112
1677,111632.41658487922
1406,167479.22451769502
2322,265527.26127537346
688,161015.90246517723
143,145146.4761500505
804,201204.30730924863
1214,178028.08962936865
2828,152084.8355752072
1999,184982.51911399828
2467,203738.50337875675
2665,163057.2630083579
1538,326252.7066114093
398,114987.49613534154
2822,148303.97005172813
2157,137061.20750797144
1856,197608.9875064095
1269,81173.56986186357
2570,109755.45401509048
2320,232272.72454147495
1517,146179.86892081331
2304,119111.66477842582
1312,95651.71534306464
2012,132540.2015006722
506,265525.19755635376
2865,212708.6892765403
2367,98315.12009637858
554,88412.48197935593
238,138377.9471702147
1954,103917.5570423123
2488,122435.61545184483
2291,68186.65332255997
1969,96711.92748260751
2725,168321.79719260358
1482,140111.8695842626
2763,199660.29701965174
503,262012.140237718
1584,244657.80354922105
1531,146857.39314732337
2210,170243.36587802347
459,347808.13854662643
556,129454.78185628504
1347,139195.94294332765
1290,66287.98850736857
1388,93048.06388246168
1571,406572.96741612535
2754,197857.89453066955
765,134588.25665945295
2494,131670.00190926762
2870,239839.57931979728
7,217322.51706389585
1114,247417.3324889342
2418,265989.40617278754
291,123227.28675901424
18,367633.02465897606
39,386286.11461839546
1001,259341.10866623838
2442,228369.23046571002
616,114352.4190115966
2680,59603.597256790934
1414,125532.06973714448
289,148327.40392470112
40,259493.21489976635
860,124748.49208083452
409,123327.25441118279
673,160382.08100134996
2427,175443.20635427238
2036,221147.53889493542
2564,134278.34052591378
642,161316.70665037804
1008,187134.57074860297
1908,147998.28746851487
2519,199128.1900956936
1369,94958.70821820157
2855,165324.48824191568
712,94961.7378972625
1943,113994.5282754504
1958,121958.9436551293
107,157554.01445080008
2295,220718.85600928013
704,103588.5767698724
676,134171.85119576548
259,184701.99968445525
93,287848.9039304322
106,231151.4887751832
2315,179437.2255545741
1050,103137.18744097782
1095,200670.26101805244
2709,148472.5913482304
758,139033.73587725405
1496,152232.7736496957
2370,118784.72635049347
2458,285159.0429595816
2733,134144.65276085993
161,259595.98290513508
726,155277.08052241127
845,204225.1007847889
947,239817.42625210396
2232,111430.61281918602
2563,148267.37733807234
2299,166248.72353989107
211,80260.59199523956
605,154090.26917473343
1478,205360.1360144652
2247,270772.5548123382
2274,245564.46412805252
2869,212141.33818419016
967,208217.14889318802
2656,115239.6676452359
667,203466.61891478827
1042,111285.92101743387
2023,168873.4757995283
2447,389124.16730781074
2055,128977.3453183326
2275,299462.3720471349
2204,162602.4166529325
1563,276984.2727649305
483,212378.18174884754
796,115710.7914855219
1526,160035.8135306485
2042,130949.34588065531
442,360954.3028304591
1693,331265.8494332603
1468,215133.98915829055
1430,195788.08784221744
2605,145449.36999367143
1529,190964.51576524202
335,166722.41270294535
1287,125170.27582265656
31,95872.42650775195
1785,346369.38821359846
82,168646.66326535115
2620,129680.87497819326
252,183152.63572667257
721,48381.26723553284
2165,185600.4259165856
2316,188671.96800042823
775,130689.20963363233
1558,103209.27882037696
17,208045.90698591887
1022,223351.68559451768
925,119425.76678682405
438,278470.03477849194
1270,132919.61233866666
1272,126208.92839375424
215,117136.02718435066
266,229766.8721256437
2402,282190.65216007835
1250,129802.78978281158
1984,122534.05463179568
1279,145672.13005556792
377,246012.1412982993
1252,116234.16317256958
2156,255906.0038744399
499,320925.63164406887
1374,131317.37730848647
2898,253832.3543012055
401,114534.78024835548
2721,154171.21138670266
2078,240086.61659759536
2589,124691.39286178866
1946,243429.45026115805
1334,118411.26799362815
2781,221513.20116261186
431,397288.67255611526
576,191189.023398959
1474,208985.1511316693
2254,155726.38423812125
2155,266820.53614860657
885,93667.71265895912
643,140280.23711414816
1944,122034.39441596487
480,191734.7571630483
2845,95643.89643567908
2387,310705.87915168115
2407,206184.06014489126
2527,175419.18830784556
2514,143481.50685332465
629,157206.90009825386
80,204690.5089456765
1876,141362.7029795327
1546,123396.10423253631
2518,171035.63743977676
2347,158554.3393288352
783,256222.1531839581
1322,39144.485735844704
194,75401.45555335461
1770,297998.99053232756
2143,165540.94237077518
1229,236084.70202557725
511,266319.4667283163
46,222185.18691201528
1348,146107.56946073112
2465,202168.0406241694
387,224942.62011513984
873,218440.39020395355
1918,124033.59947384054
2764,226703.86328311666
2184,123602.1916633313
934,131650.22885950908
1920,132018.36164433323
2631,147237.45944338344
1768,565777.8898352815
2040,116948.35120913925
1749,210355.04193459963
834,239893.27852291812
1457,230538.6125436299
79,111408.9501878527
2302,127888.97434422704
1817,140919.1985105251
2755,234295.66714545153
359,173109.32229395426
2059,104068.4584968549
2092,233117.88263148745
2516,215084.28341802908
150,119885.89316568225
1656,143924.2451538099
83,94610.43704655353
2411,184834.37657641075
795,71250.31850733055
2312,228679.49918416856
2917,99352.97593552715
1624,177403.85511476477
2215,287182.53608370404
1211,151520.07900860714
1485,152505.23997766068
1024,176243.5626984843
570,191785.73771763436
2874,141415.00050144817
700,131422.3813148036
2756,212763.0626631327
2022,186880.88407870592
583,226341.19050557155
2392,387018.1880443899
2424,168497.6770282684
212,112118.30043935317
736,131548.8793275321
1610,168772.04082661678
890,114657.89110848901
467,178733.29337023126
578,219094.98827455283
1747,201919.78709664298
1149,150755.86781754982
2758,252180.18810263724
857,141418.75351588044
2219,247291.03166559758
733,110700.53598582195
2909,106745.00932024058
1798,245578.00009994413
235,136671.70780423193
2366,115659.85392425364
1027,132966.63426681777
1195,135368.63617421352
1303,30243.91639844302
148,198233.3676155021
608,166440.90892527526
2515,194952.65885074646
821,295431.8480772032
2500,271904.8403031102
745,103827.60165384515
741,133209.4016913912
1611,158917.27251140412
2532,123193.56838766046
1081,222461.62154254445
1692,438007.21252276166
2520,175718.95904379096
276,90012.38283813818
1992,135362.40014175535
663,30487.396355735313
418,115146.26661056207
1733,196025.77338859692
2359,147452.55316811474
253,187416.3176521275
1518,185386.16360242144
2035,148299.4477565714
2919,64983.878230973554
1540,235907.6050933314
2120,163012.81762522494
1674,157695.67168780265
256,147357.91537354852
2361,97852.06432539797
978,60508.44206705835
2280,152258.46506407828
2095,219078.26211052446
1709,318681.7444379983
2801,239160.3408855048
1246,112667.97443849624
2373,94832.39577547654
1055,299970.35358557914
2017,120431.67423857436
1099,275922.476386882
1344,67493.4258618352
835,231867.17918741656
1117,240838.26301526005
2043,78179.8760035501
2085,117349.8308135712
410,138847.33996196926
2650,113116.8688163764
2867,174485.7166393865
1668,111511.86849330242
1161,158804.00166398688
2122,175989.988930631
2539,153109.52370654297
1047,131499.4907546349
1445,126998.04731786731
541,130168.90923202148
569,216308.16245543287
1276,111097.3883667416
918,152476.49501254843
326,172103.34921497412
1936,122989.91906805888
895,93565.02354662261
257,162630.15509493536
1241,188683.40137513296
1545,122425.76854054187
1189,171692.774640338
270,136724.37554225055
2066,195012.7635978491
693,113017.99852665224
1259,160826.20699263384
2916,154440.79293594102
2321,289124.9294217633
1977,98951.81402889467
1895,147201.3194574857
1240,173551.2890785641
85,146711.13712400603
1823,124063.99519972189
825,290365.44702021655
110,220184.78336855723
697,127184.47259106315
2297,104903.45220774482
1231,137978.3663837306
1355,137330.20507994381
968,356738.08409056475
584,221516.73018796678
1315,125756.96243291127
1606,149813.39056414677
206,104501.1307173234
1685,387133.0942444154
2016,132970.02803027479
869,207584.10900084666
2135,120634.9563989506
2346,188142.23481285517
2430,215092.9157479052
2198,88140.07405211362
2652,113200.704858587
27,112696.62360684073
241,162689.46846307715
906,121576.25643910092
1506,131042.32376892722
2098,361801.80057201255
1435,224598.68029934683
2213,131852.34422589964
1274,133042.313074622
743,15981.495103088557
1737,195138.29933636487
2797,262371.03095040505
2185,41676.53058412185
58,169236.72905604003
830,200819.69830512773
808,98726.09550660825
680,143389.46190814528
1153,101394.0830947846
1291,136382.30653693186
1818,140709.87207631045
2161,190742.7943367621
1883,112661.02982500236
350,337938.95147124416
2473,152829.66607869044
295,184827.6182722554
293,192335.7349973342
859,131386.84571677764
288,55044.84070825018
1578,144675.1878269625
102,185671.51795366252
2831,144304.2238852622
1030,159027.44171935442
2551,146846.61893303838
1286,164987.38328867537
958,335684.5113380022
776,125669.10910503242
72,246515.88876090228
2263,253847.19363806784
1866,148044.36621963186
2876,67251.75282107912
2146,242360.2719279242
103,169193.97202738532
1500,139049.77114395064
492,199555.47997096897
167,148280.25497038075
2597,111934.57251139464
2685,101979.54591193979
1035,157275.8767021911
1220,49829.42443185876
2602,153733.7863807988
2159,203396.56822423678
695,141443.75248466263
1109,273378.0888344749
640,200300.0297909432
1652,149079.43514104295
2090,188503.67446561228
1188,191889.5719020972
2345,229821.0565732626
1059,395063.0099901882
2751,236533.4209587948
128,211090.6546180704
1523,164731.9882927945
2925,187048.39246439424
2145,286833.4011013781
1121,218051.80211994136
566,250511.37086911662
565,251926.72594902606
1331,138666.3629286307
2928,115980.92549747431
156,142942.98424421577
797,144860.87817356104
327,81574.10774353566
2859,151318.79165410675
1453,114304.12435586026
1762,333055.44668668945
1868,203361.60109969575
1760,180205.35425653774
1113,226733.32743274875
1812,198114.30026482334
117,157121.94216158334
1142,211645.0807319102
2342,422602.8190388458
927,145080.29037182516
2478,188177.50872612285
655,71607.07643025492
2064,116584.69249265974
369,278941.20936535764
2239,119297.93533655384
2732,215335.0996173055
1653,161101.90972788603
959,233854.90830680425
2395,345365.5552695986
1412,98977.63984031926
271,240548.4766749812
1484,140710.21732353856
1497,149632.24391263648
552,152049.0138189679
2,130005.28949711936
1855,296895.5237968059
4,277320.68269860116
2292,155336.58123626054
134,139482.41154012407
646,110245.0029828219
42,308183.92885906354
532,221594.60224486334
713,72582.19695650172
2561,138817.43653801686
2360,133220.1639912905
1333,121732.51783577533
1407,256699.15285084967
2892,301979.2146949465
574,211599.25135867333
1227,186979.81058862637
2591,219361.52438412263
1476,210639.9293490182
1125,264145.56317246123
1446,139674.62208998486
408,113077.56624155177
1101,292363.7320762309
2251,191158.80922382773
373,186128.51070620416
2554,128055.22185825818
2382,253692.20322634166
1985,81487.50031860464
519,236122.14951023622
1093,193927.34338582325
864,242558.28081851624
2889,152366.32779051922
2308,211679.35345358693
986,163382.30717935524
1302,156727.98542122619
585,160756.97125736994
2708,146834.41732574298
147,137982.13779561475
1441,221307.68831786036
383,182093.41202637786
285,148744.93769849575
181,104601.00871862075
358,213452.233680994
780,177560.47709237822
258,193063.16871367686
1865,220852.23801536715
692,119739.80361196201
2902,327574.4005063595
508,245762.54496141276
2638,158419.4501129802
36,137277.65999825433
611,184713.7829696006
2281,164729.72043600134
1678,131825.33302075893
1696,464959.14032973646
1557,78408.7206664842
2180,157407.90572892662
1726,211871.5543841234
951,142698.38499844982
267,221467.23054943205
2706,139986.00193837823
2221,243213.05153739708
1357,167632.94051408983
2901,312361.0842063446
347,175045.332346071
2164,189208.61659369722
1586,297963.79641957826
360,152292.77782260714
1769,253312.30376455688
2617,151058.2920347376
1879,136126.6207244454
991,229170.7293322758
1535,124303.24041964594
1191,134685.82566655028
1579,222266.72857231097
1882,145412.82067770418
1510,139663.56513952563
2196,156680.26127605903
1845,172860.64441476544
2336,388458.346897893
942,93219.7969861834
861,125878.13487787177
2555,110720.1993277578
1392,162226.6195756842
2099,254628.98151957832
1543,120031.28760997189
948,298592.4847164001
1239,180592.17667213242
22,185552.2900909498
2796,243029.09741572436
2747,184754.53277080628
92,293680.30904998333
210,172265.80131090956
1858,194927.20377984864
2228,159616.9563867102
447,235142.2647180042
827,241171.13544989843
1649,202000.19306852802
682,127290.47774957665
2698,112234.41443486362
494,166857.50439735857
214,91603.43408273906
2441,245998.83115645844
2679,106272.68172621257
1336,117576.48103371591
465,177984.57205142488
1524,151166.41790145444
2543,113287.39808796856
631,143541.8483045418
2452,312739.9473466395
228,162557.03635059472
126,168821.79360442865
1092,229010.31340243714
1122,221113.907185571
932,222159.63628394416
1980,88753.35040131924
2171,115244.69350997907
551,166332.4388281532
2768,169258.68321175443
2056,106059.90999654906
1159,350261.84819875227
2645,122106.71267675288
1174,172587.0113714178
2266,213091.6385924942
2462,378672.6924615669
1219,143715.7798189474
2922,187001.9572720344
118,145821.56840012112
474,154787.4300149156
2576,154832.72079747816
872,286770.61233669927
1077,201355.36884725356
1536,147917.13188659723
1150,119824.71150520438
2341,326393.05421230657
1931,166761.05911143223
2785,132142.21928344324
2538,123728.00409658666
597,213325.13674429574
464,194680.20267864768
233,244856.9678507451
2169,140800.80403084247
2123,171117.13544720516
1867,179560.31556455177
137,253978.18055861257
515,238745.73270124017
933,109377.08830307044
2784,171162.102167062
972,175289.64472605928
599,172362.09962429706
2614,123886.5994821831
2582,141356.04813794888
1409,180814.52171285928
175,95545.17321688107
352,228011.4250872175
976,81196.86910804486
2134,194654.6420863352
984,104939.94537525524
2396,357769.0874513718
1673,130760.47995199713
404,115668.12276076392
607,169871.5613262109
814,143425.65724293585
868,194111.51941101532
2271,203679.27878936782
1633,231334.49777815377
337,169168.95284984395
2765,211750.38928759762
1746,234531.82492260958
368,331325.78142337233
2806,204137.52489311955
1662,186188.88744334222
1234,218258.92539373922
1373,123975.56756352533
1672,111669.96917870418
1939,121552.3227757141
